0 0
0.1 0
0.2 0
0.3 0
0.4 0
0.5 0
0.6 0
0.7 0
0.8 0
0.9 0
1 0
1.1 0.101
1.2 0.201
1.3 0.301
1.4 0.4
1.5 0.499
1.6 0.597
1.7 0.695
1.8 0.792
1.9 0.889
2 0.985
2.1 1.08
2.2 1.18
2.3 1.27
2.4 1.37
2.5 1.46
2.6 1.55
2.7 1.65
2.8 1.74
2.9 1.83
3 1.92
3.1 2.01
3.2 2.1
3.3 2.19
3.4 2.28
3.5 2.37
3.6 2.46
3.7 2.55
3.8 2.64
3.9 2.73
4 2.81
4.1 2.9
4.2 2.99
4.3 3.07
4.4 3.16
4.5 3.24
4.6 3.33
4.7 3.41
4.8 3.5
4.9 3.58
5 3.66
5.1 3.74
5.2 3.83
5.3 3.91
5.4 3.99
5.5 4.07
5.6 4.15
5.7 4.23
5.8 4.31
5.9 4.39
6 4.47
6.1 4.55
6.2 4.62
6.3 4.7
6.4 4.78
6.5 4.86
6.6 4.93
6.7 5.01
6.8 5.09
6.9 5.16
7 5.24
7.1 5.31
7.2 5.38
7.3 5.46
7.4 5.53
7.5 5.6
7.6 5.68
7.7 5.75
7.8 5.82
7.9 5.89
8 5.97
8.1 6.04
8.2 6.11
8.3 6.18
8.4 6.25
8.5 6.32
8.6 6.39
8.7 6.45
8.8 6.52
8.9 6.59
9 6.66
9.1 6.73
9.2 6.79
9.3 6.86
9.4 6.93
9.5 6.99
9.6 7.06
9.7 7.13
9.8 7.19
9.9 7.26
10 7.32
10.1 7.38
10.2 7.45
10.3 7.51
10.4 7.57
10.5 7.64
10.6 7.7
10.7 7.76
10.8 7.82
10.9 7.89
11 7.95
11.1 8.01
11.2 8.07
11.3 8.13
11.4 8.19
11.5 8.25
11.6 8.31
11.7 8.37
11.8 8.43
11.9 8.49
12 8.55
12.1 8.6
12.2 8.66
12.3 8.72
12.4 8.78
12.5 8.83
12.6 8.89
12.7 8.95
12.8 9
12.9 9.06
13 9.11
13.1 9.17
13.2 9.22
13.3 9.28
13.4 9.33
13.5 9.39
13.6 9.44
13.7 9.5
13.8 9.55
13.9 9.6
14 9.65
14.1 9.71
14.2 9.76
14.3 9.81
14.4 9.86
14.5 9.92
14.6 9.97
14.7 10
14.8 10.1
14.9 10.1
15 10.2
15.1 10.2
15.2 10.3
15.3 10.3
15.4 10.4
15.5 10.4
15.6 10.5
15.7 10.5
15.8 10.6
15.9 10.6
16 10.7
16.1 10.7
16.2 10.8
16.3 10.8
16.4 10.8
16.5 10.9
16.6 10.9
16.7 11
16.8 11
16.9 11.1
17 11.1
17.1 11.2
17.2 11.2
17.3 11.3
17.4 11.3
17.5 11.3
17.6 11.4
17.7 11.4
17.8 11.5
17.9 11.5
18 11.6
18.1 11.6
18.2 11.7
18.3 11.7
18.4 11.7
18.5 11.8
18.6 11.8
18.7 11.9
18.8 11.9
18.9 11.9
19 12
19.1 12
19.2 12.1
19.3 12.1
19.4 12.1
19.5 12.2
19.6 12.2
19.7 12.3
19.8 12.3
19.9 12.3
20 12.4
20.1 12.4
20.2 12.5
20.3 12.5
20.4 12.5
20.5 12.6
20.6 12.6
20.7 12.7
20.8 12.7
20.9 12.7
21 12.8
21.1 12.8
21.2 12.8
21.3 12.9
21.4 12.9
21.5 13
21.6 13
21.7 13
21.8 13.1
21.9 13.1
22 13.1
22.1 13.2
22.2 13.2
22.3 13.2
22.4 13.3
22.5 13.3
22.6 13.3
22.7 13.4
22.8 13.4
22.9 13.4
23 13.5
23.1 13.5
23.2 13.5
23.3 13.6
23.4 13.6
23.5 13.6
23.6 13.7
23.7 13.7
23.8 13.7
23.9 13.8
24 13.8
24.1 13.8
24.2 13.9
24.3 13.9
24.4 13.9
24.5 14
24.6 14
24.7 14
24.8 14.1
24.9 14.1
25 14.1
25.1 14.1
25.2 14.2
25.3 14.2
25.4 14.2
25.5 14.3
25.6 14.3
25.7 14.3
25.8 14.4
25.9 14.4
26 14.4
26.1 14.4
26.2 14.5
26.3 14.5
26.4 14.5
26.5 14.6
26.6 14.6
26.7 14.6
26.8 14.6
26.9 14.7
27 14.7
27.1 14.7
27.2 14.7
27.3 14.8
27.4 14.8
27.5 14.8
27.6 14.9
27.7 14.9
27.8 14.9
27.9 14.9
28 15
28.1 15
28.2 15
28.3 15
28.4 15.1
28.5 15.1
28.6 15.1
28.7 15.1
28.8 15.2
28.9 15.2
29 15.2
29.1 15.2
29.2 15.3
29.3 15.3
29.4 15.3
29.5 15.3
29.6 15.4
29.7 15.4
29.8 15.4
29.9 15.4
30 15.5
30.1 15.5
30.2 15.5
30.3 15.5
30.4 15.6
30.5 15.6
30.6 15.6
30.7 15.6
30.8 15.6
30.9 15.7
31 15.7
31.1 15.7
31.2 15.7
31.3 15.8
31.4 15.8
31.5 15.8
31.6 15.8
31.7 15.8
31.8 15.9
31.9 15.9
32 15.9
32.1 15.9
32.2 16
32.3 16
32.4 16
32.5 16
32.6 16
32.7 16.1
32.8 16.1
32.9 16.1
33 16.1
33.1 16.1
33.2 16.2
33.3 16.2
33.4 16.2
33.5 16.2
33.6 16.2
33.7 16.3
33.8 16.3
33.9 16.3
34 16.3
34.1 16.3
34.2 16.4
34.3 16.4
34.4 16.4
34.5 16.4
34.6 16.4
34.7 16.5
34.8 16.5
34.9 16.5
35 16.5
35.1 16.5
35.2 16.5
35.3 16.6
35.4 16.6
35.5 16.6
35.6 16.6
35.7 16.6
35.8 16.7
35.9 16.7
36 16.7
36.1 16.7
36.2 16.7
36.3 16.7
36.4 16.8
36.5 16.8
36.6 16.8
36.7 16.8
36.8 16.8
36.9 16.8
37 16.9
37.1 16.9
37.2 16.9
37.3 16.9
37.4 16.9
37.5 16.9
37.6 17
37.7 17
37.8 17
37.9 17
38 17
38.1 17
38.2 17.1
38.3 17.1
38.4 17.1
38.5 17.1
38.6 17.1
38.7 17.1
38.8 17.1
38.9 17.2
39 17.2
39.1 17.2
39.2 17.2
39.3 17.2
39.4 17.2
39.5 17.3
39.6 17.3
39.7 17.3
39.8 17.3
39.9 17.3
40 17.3
40.1 17.3
40.2 17.4
40.3 17.4
40.4 17.4
40.5 17.4
40.6 17.4
40.7 17.4
40.8 17.4
40.9 17.5
41 17.5
41.1 17.5
41.2 17.5
41.3 17.5
41.4 17.5
41.5 17.5
41.6 17.5
41.7 17.6
41.8 17.6
41.9 17.6
42 17.6
42.1 17.6
42.2 17.6
42.3 17.6
42.4 17.7
42.5 17.7
42.6 17.7
42.7 17.7
42.8 17.7
42.9 17.7
43 17.7
43.1 17.7
43.2 17.8
43.3 17.8
43.4 17.8
43.5 17.8
43.6 17.8
43.7 17.8
43.8 17.8
43.9 17.8
44 17.8
44.1 17.9
44.2 17.9
44.3 17.9
44.4 17.9
44.5 17.9
44.6 17.9
44.7 17.9
44.8 17.9
44.9 18
45 18
45.1 18
45.2 18
45.3 18
45.4 18
45.5 18
45.6 18
45.7 18
45.8 18
45.9 18.1
46 18.1
46.1 18.1
46.2 18.1
46.3 18.1
46.4 18.1
46.5 18.1
46.6 18.1
46.7 18.1
46.8 18.2
46.9 18.2
47 18.2
47.1 18.2
47.2 18.2
47.3 18.2
47.4 18.2
47.5 18.2
47.6 18.2
47.7 18.2
47.8 18.3
47.9 18.3
48 18.3
48.1 18.3
48.2 18.3
48.3 18.3
48.4 18.3
48.5 18.3
48.6 18.3
48.7 18.3
48.8 18.3
48.9 18.4
49 18.4
49.1 18.4
49.2 18.4
49.3 18.4
49.4 18.4
49.5 18.4
49.6 18.4
49.7 18.4
49.8 18.4
49.9 18.4
50 18.5
50.1 18.5
50.2 18.5
50.3 18.5
50.4 18.5
50.5 18.5
50.6 18.5
50.7 18.5
50.8 18.5
50.9 18.5
51 18.5
51.1 18.6
51.2 18.6
51.3 18.6
51.4 18.6
51.5 18.6
51.6 18.6
51.7 18.6
51.8 18.6
51.9 18.6
52 18.6
52.1 18.6
52.2 18.6
52.3 18.6
52.4 18.7
52.5 18.7
52.6 18.7
52.7 18.7
52.8 18.7
52.9 18.7
53 18.7
53.1 18.7
53.2 18.7
53.3 18.7
53.4 18.7
53.5 18.7
53.6 18.7
53.7 18.8
53.8 18.8
53.9 18.8
54 18.8
54.1 18.8
54.2 18.8
54.3 18.8
54.4 18.8
54.5 18.8
54.6 18.8
54.7 18.8
54.8 18.8
54.9 18.8
55 18.8
55.1 18.8
55.2 18.9
55.3 18.9
55.4 18.9
55.5 18.9
55.6 18.9
55.7 18.9
55.8 18.9
55.9 18.9
56 18.9
56.1 18.9
56.2 18.9
56.3 18.9
56.4 18.9
56.5 18.9
56.6 18.9
56.7 19
56.8 19
56.9 19
57 19
57.1 19
57.2 19
57.3 19
57.4 19
57.5 19
57.6 19
57.7 19
57.8 19
57.9 19
58 19
58.1 19
58.2 19
58.3 19
58.4 19.1
58.5 19.1
58.6 19.1
58.7 19.1
58.8 19.1
58.9 19.1
59 19.1
59.1 19.1
59.2 19.1
59.3 19.1
59.4 19.1
59.5 19.1
59.6 19.1
59.7 19.1
59.8 19.1
59.9 19.1
60 19.1
60.1 19.1
60.2 19.2
60.3 19.2
60.4 19.2
60.5 19.2
60.6 19.2
60.7 19.2
60.8 19.2
60.9 19.2
61 19.2
61.1 19.2
61.2 19.2
61.3 19.2
61.4 19.2
61.5 19.2
61.6 19.2
61.7 19.2
61.8 19.2
61.9 19.2
62 19.2
62.1 19.2
62.2 19.3
62.3 19.3
62.4 19.3
62.5 19.3
62.6 19.3
62.7 19.3
62.8 19.3
62.9 19.3
63 19.3
63.1 19.3
63.2 19.3
63.3 19.3
63.4 19.3
63.5 19.3
63.6 19.3
63.7 19.3
63.8 19.3
63.9 19.3
64 19.3
64.1 19.3
64.2 19.3
64.3 19.3
64.4 19.4
64.5 19.4
64.6 19.4
64.7 19.4
64.8 19.4
64.9 19.4
65 19.4
65.1 19.4
65.2 19.4
65.3 19.4
65.4 19.4
65.5 19.4
65.6 19.4
65.7 19.4
65.8 19.4
65.9 19.4
66 19.4
66.1 19.4
66.2 19.4
66.3 19.4
66.4 19.4
66.5 19.4
66.6 19.4
66.7 19.4
66.8 19.4
66.9 19.5
67 19.5
67.1 19.5
67.2 19.5
67.3 19.5
67.4 19.5
67.5 19.5
67.6 19.5
67.7 19.5
67.8 19.5
67.9 19.5
68 19.5
68.1 19.5
68.2 19.5
68.3 19.5
68.4 19.5
68.5 19.5
68.6 19.5
68.7 19.5
68.8 19.5
68.9 19.5
69 19.5
69.1 19.5
69.2 19.5
69.3 19.5
69.4 19.5
69.5 19.5
69.6 19.5
69.7 19.5
69.8 19.6
69.9 19.6
70 19.6
70.1 19.6
70.2 19.6
70.3 19.6
70.4 19.6
70.5 19.6
70.6 19.6
70.7 19.6
70.8 19.6
70.9 19.6
71 19.6
71.1 19.6
71.2 19.6
71.3 19.6
71.4 19.6
71.5 19.6
71.6 19.6
71.7 19.6
71.8 19.6
71.9 19.6
72 19.6
72.1 19.6
72.2 19.6
72.3 19.6
72.4 19.6
72.5 19.6
72.6 19.6
72.7 19.6
72.8 19.6
72.9 19.6
73 19.6
73.1 19.7
73.2 19.7
73.3 19.7
73.4 19.7
73.5 19.7
73.6 19.7
73.7 19.7
73.8 19.7
73.9 19.7
74 19.7
74.1 19.7
74.2 19.7
74.3 19.7
74.4 19.7
74.5 19.7
74.6 19.7
74.7 19.7
74.8 19.7
74.9 19.7
75 19.7
75.1 19.7
75.2 19.7
75.3 19.7
75.4 19.7
75.5 19.7
75.6 19.7
75.7 19.7
75.8 19.7
75.9 19.7
76 19.7
76.1 19.7
76.2 19.7
76.3 19.7
76.4 19.7
76.5 19.7
76.6 19.7
76.7 19.7
76.8 19.7
76.9 19.7
77 19.7
77.1 19.8
77.2 19.8
77.3 19.8
77.4 19.8
77.5 19.8
77.6 19.8
77.7 19.8
77.8 19.8
77.9 19.8
78 19.8
78.1 19.8
78.2 19.8
78.3 19.8
78.4 19.8
78.5 19.8
78.6 19.8
78.7 19.8
78.8 19.8
78.9 19.8
79 19.8
79.1 19.8
79.2 19.8
79.3 19.8
79.4 19.8
79.5 19.8
79.6 19.8
79.7 19.8
79.8 19.8
79.9 19.8
80 19.8
80.1 19.8
80.2 19.8
80.3 19.8
80.4 19.8
80.5 19.8
80.6 19.8
80.7 19.8
80.8 19.8
80.9 19.8
81 19.8
81.1 19.8
81.2 19.8
81.3 19.8
81.4 19.8
81.5 19.8
81.6 19.8
81.7 19.8
81.8 19.8
81.9 19.8
82 19.8
82.1 19.8
82.2 19.9
82.3 19.9
82.4 19.9
82.5 19.9
82.6 19.9
82.7 19.9
82.8 19.9
82.9 19.9
83 19.9
83.1 19.9
83.2 19.9
83.3 19.9
83.4 19.9
83.5 19.9
83.6 19.9
83.7 19.9
83.8 19.9
83.9 19.9
84 19.9
84.1 19.9
84.2 19.9
84.3 19.9
84.4 19.9
84.5 19.9
84.6 19.9
84.7 19.9
84.8 19.9
84.9 19.9
85 19.9
85.1 19.9
85.2 19.9
85.3 19.9
85.4 19.9
85.5 19.9
85.6 19.9
85.7 19.9
85.8 19.9
85.9 19.9
86 19.9
86.1 19.9
86.2 19.9
86.3 19.9
86.4 19.9
86.5 19.9
86.6 19.9
86.7 19.9
86.8 19.9
86.9 19.9
87 19.9
87.1 19.9
87.2 19.9
87.3 19.9
87.4 19.9
87.5 19.9
87.6 19.9
87.7 19.9
87.8 19.9
87.9 19.9
88 19.9
88.1 19.9
88.2 19.9
88.3 19.9
88.4 19.9
88.5 19.9
88.6 19.9
88.7 19.9
88.8 19.9
88.9 20
89 20
89.1 20
89.2 20
89.3 20
89.4 20
89.5 20
89.6 20
89.7 20
89.8 20
89.9 20
90 20
90.1 20
90.2 20
90.3 20
90.4 20
90.5 20
90.6 20
90.7 20
90.8 20
90.9 20
91 20
91.1 20
91.2 20
91.3 20
91.4 20
91.5 20
91.6 20
91.7 20
91.8 20
91.9 20
92 20
92.1 20
92.2 20
92.3 20
92.4 20
92.5 20
92.6 20
92.7 20
92.8 20
92.9 20
93 20
93.1 20
93.2 20
93.3 20
93.4 20
93.5 0
93.6 0
93.7 0
93.8 0
93.9 0
94 0
94.1 0
94.2 0
94.3 0
94.4 0
94.5 0
94.6 0
94.7 0
94.8 0
94.9 0
95 0
95.1 0
95.2 0
95.3 0
95.4 0
95.5 0
95.6 0.101
95.7 0.201
95.8 0.301
95.9 0.4
96 0.499
96.1 0.597
96.2 0.695
96.3 0.792
96.4 0.889
96.5 0.985
96.6 1.08
96.7 1.18
96.8 1.27
96.9 1.37
97 1.46
97.1 1.55
97.2 1.65
97.3 1.74
97.4 1.83
97.5 1.92
97.6 2.01
97.7 2.1
97.8 2.19
97.9 2.28
98 2.37
98.1 2.46
98.2 2.55
98.3 2.64
98.4 2.73
98.5 2.81
98.6 2.9
98.7 2.99
98.8 3.07
98.9 3.16
99 3.24
99.1 3.23
99.2 3.21
99.3 3.19
99.4 3.18
99.5 3.16
99.6 3.15
99.7 3.13
99.8 3.12
99.9 3.1
